Ra = 8.20000000e+05
Rb = 2.70000000e+03
Hv = 3.28187675e-03
Hi = 1.00000000e-01
D = 5.71428571e-01
VC = 5.71428571e-01
L0 = 1.41287284e-04
IL0 = 1.33333333e+01
C0 = 2.87059879e-04
V0 = 1.75000000e+02
Vi = 7.50000000e+01
fs = 3.25000000e+04
R0 = 3.06250000e+01
VTm = 0.00000000e+00
VTM = 1.00000000e+00
fa = 6.50000000e+04
