Ra = 8.20000000e+05
Rb = 2.70000000e+03
Hv = 3.28187675e-03
Hi = 1.00000000e-01
D = 5.71428571e-01
VC = 5.71428571e-01
L0 = 3.29670330e-04
IL0 = 1.33333333e+01
C0 = 2.87059879e-05
V0 = 1.75000000e+02
Vi = 7.50000000e+01
fs = 3.25000000e+04
R0 = 3.06250000e+01
VTm = 0.00000000e+00
VTM = 1.00000000e+00
Kp = 0.00000000e+00
Ki = 2.79256763e+02
ST = 7.71393389e-01
R1pi = 8.20000000e+05
R2pi = 1.00000000e+01
C1pi = 4.70000000e-09
fa = 6.50000000e+04
a0z = 1.00000000e+00
a1z = -1.00000000e+00
b1z = 2.14812895e-03
b0z = 2.14812895e-03
Kp1 = 8.36385330e-01
Ki1 = 2.34099203e+04
Kp2 = 0.00000000e+00
Ki2 = 1.77454805e+03
