RA = 9.51404000e+05
Vi = 7.50000000e+01
V0 = 2.00000000e+02
P0 = 1.00000000e+03
fs = 1.50000000e+04
DiL0 = 4.00000000e-01
DvC0 = 2.50000000e-02
R0 = 4.00000000e+01
I0 = 5.00000000e+00
G = 2.66666667e+00
VTm = 0.00000000e+00
VTM = 1.00000000e+00
D = 6.25000000e-01
VC = 6.25000000e-01
IL0 = 1.33333333e+01
L0 = 1.56250000e-03
C0 = 4.16666667e-05
Ra = 4.70000000e+05
Rb = 1.50000000e+03
Hv = 3.18133616e-03
Rs = 1.00000000e-01
Hi = 1.00000000e-01
Kp = 2.38505880e-02
Ki = 4.28604349e+01
ST = 6.18630317e-01
R1pi = 1.00000000e+05
R2pi = 8.20000000e+01
C1pi = 2.20000000e-07
fa = 3.00000000e+04
Ta = 3.33333333e-05
a0z = 1.00000000e+00
a1z = -1.00000000e+00
b0z = 2.45649286e-02
b1z = -2.31362474e-02
