RA = 1.01925200e+06
Vi = 7.50000000e+01
V0 = 1.75000000e+02
P0 = 1.00000000e+03
fs = 3.25000000e+04
DiL0 = 7.00000000e-01
DvC0 = 2.00000000e-02
R0 = 3.06250000e+01
I0 = 5.71428571e+00
G = 2.33333333e+00
VTm = 0.00000000e+00
VTM = 1.00000000e+00
D = 5.71428571e-01
VC = 5.71428571e-01
IL0 = 1.33333333e+01
L0 = 3.29670330e-04
C0 = 2.87059879e-05
Ra = 8.20000000e+05
Rb = 2.70000000e+03
Hv = 3.28187675e-03
Rs = 1.00000000e-01
Hi = 1.00000000e-01
