Vi = 2.25000000e+02
V0 = 5.00000000e+01
P0 = 1.75000000e+03
fs = 2.50000000e+04
DiL0 = 1.50000000e-01
DvC0 = 7.00000000e-02
R0 = 1.42857143e+00
I0 = 3.50000000e+01
G = 2.22222222e-01
VTm = 0.00000000e+00
VTM = 1.00000000e+00
D = 2.22222222e-01
VC = 2.22222222e-01
IL0 = 3.50000000e+01
L0 = 2.96296296e-04
C0 = 7.50000000e-06
Ra = 2.70000000e+05
Rb = 1.20000000e+03
Hv = 4.42477876e-03
Rs = 1.00000000e-01
Hi = 1.00000000e-01
Kp = 3.48850254e-01
Ki = 3.33728794e+03
R1pi = 1.00000000e+05
R2pi = 8.20000000e+01
C1pi = 2.70000000e-09
fa = 5.00000000e+04
Ta = 2.00000000e-05
a0z = 1.00000000e+00
a1z = -1.00000000e+00
b0z = 3.82223134e-01
b1z = -3.15477375e-01
Kp1 = 6.34484180e+06
Ki1 = 1.39837831e+11
Kp2 = 1.38530282e-09
Ki2 = 4.67350476e-09
