Vi = 2.00000000e+02
V0 = 1.75000000e+02
P0 = 1.50000000e+03
fs = 1.50000000e+04
DiL0 = 7.50000000e-01
DvC0 = 6.00000000e-02
R0 = 2.04166667e+01
I0 = 8.57142857e+00
G = 8.75000000e-01
VTm = 0.00000000e+00
VTM = 1.00000000e+00
D = 4.66666667e-01
VC = 4.66666667e-01
IL0 = 1.60714286e+01
L0 = 5.16213992e-04
C0 = 2.53968254e-05
Ra = 5.60000000e+05
Rb = 1.50000000e+03
Hv = 2.67141585e-03
Rs = 1.00000000e-01
Hi = 1.00000000e-01
