Ra = 1.00000000e+05
Rb = 1.00000000e+03
Hv = 9.90099010e-03
Hi = 1.00000000e-01
D = 5.00000000e-01
VC = 5.00000000e-01
L0 = 8.33333333e-05
IL0 = 1.00000000e+02
C0 = 2.50000000e-02
V0 = 5.00000000e+01
Vi = 5.00000000e+01
fs = 2.00000000e+04
R0 = 1.00000000e+00
VTm = 0.00000000e+00
VTM = 1.00000000e+00
fa = 4.00000000e+04
