Ra = 5.60000000e+05
Rb = 1.50000000e+03
Hv = 2.67141585e-03
Hi = 1.00000000e-01
D = 4.66666667e-01
VC = 4.66666667e-01
L0 = 5.16213992e-04
IL0 = 1.60714286e+01
C0 = 2.53968254e-05
V0 = 1.75000000e+02
Vi = 2.00000000e+02
fs = 1.50000000e+04
R0 = 2.04166667e+01
VTm = 0.00000000e+00
VTM = 1.00000000e+00
Kp = 0.00000000e+00
Ki = 1.99478784e+02
ST = 8.75050535e-01
R1pi = 8.20000000e+05
R2pi = 1.00000000e+01
C1pi = 5.60000000e-09
fa = 3.00000000e+04
a0z = 1.00000000e+00
a1z = -1.00000000e+00
b1z = 3.32464639e-03
b0z = 3.32464639e-03
Kp1 = 2.74157750e-01
Ki1 = 3.43803421e+03
Kp2 = 0.00000000e+00
Ki2 = 1.92030970e+03
