Ra = 5.60000000e+05
Rb = 1.50000000e+03
Hv = 2.67141585e-03
Hi = 1.00000000e-01
D = 4.66666667e-01
D1 = 3.73333333e-01
L0d = 1.23891358e-04
VC = 4.66666667e-01
L0 = 5.16213992e-04
IL0 = 1.60714286e+01
C0 = 2.53968254e-05
V0 = 1.75000000e+02
Vi = 2.00000000e+02
fs = 1.50000000e+04
R0 = 2.04166667e+01
VTm = 0.00000000e+00
VTM = 1.00000000e+00
