RA = 1.23456700e+06
Vi = 2.25000000e+02
V0 = 5.00000000e+01
P0 = 1.75000000e+03
fs = 2.50000000e+04
DiL0 = 1.50000000e-01
DvC0 = 7.00000000e-02
R0 = 1.42857143e+00
I0 = 3.50000000e+01
G = 2.22222222e-01
VTm = 0.00000000e+00
VTM = 1.00000000e+00
D = 2.22222222e-01
VC = 2.22222222e-01
IL0 = 3.50000000e+01
L0 = 2.96296296e-04
C0 = 7.50000000e-06
Ra = 2.70000000e+05
Rb = 1.20000000e+03
Hv = 4.42477876e-03
Rs = 1.00000000e-01
Hi = 1.00000000e-01
Kp = 1.22373709e+00
Ki = 1.49909627e+04
ST = 7.75608448e-03
