Vi = 1.80000000e+02
V0 = 1.00000000e+02
R0 = 4.10000000e+02
fs = 2.00000000e+04
P0 = 2.43902439e+01
I0 = 2.43902439e-01
G = 5.55555556e-01
D = 5.55555556e-01
IL0 = 2.43902439e-01
L0 = 3.00000000e-02
C0 = 2.20000000e-04
VTm = 9.00000000e-01
VTM = 3.30000000e+00
Vref = 5.10000000e+00
R1d = 1.00000000e+04
R2d = 1.00000000e+04
R3d = 5.60000000e+03
VC = 2.20048900e+00
Ra = 1.20000000e+05
Rb = 2.70000000e+03
H = 2.20048900e-02
Dp = 4.55440817e-01
Kp = 8.95964915e-05
Ki = 1.22429528e+00
