Ra = 2.70000000e+05
Rb = 1.20000000e+03
Hv = 4.42477876e-03
Hi = 1.00000000e-01
D = 2.22222222e-01
VC = 2.22222222e-01
L0 = 2.96296296e-04
IL0 = 3.50000000e+01
C0 = 7.50000000e-06
V0 = 5.00000000e+01
Vi = 2.25000000e+02
fs = 2.50000000e+04
R0 = 1.42857143e+00
VTm = 0.00000000e+00
VTM = 1.00000000e+00
Kp = 0.00000000e+00
Ki = 3.79703186e+02
ST = 1.70143524e-01
R1pi = 8.20000000e+05
R2pi = 1.00000000e+01
C1pi = 3.30000000e-09
fa = 5.00000000e+04
a0z = 1.00000000e+00
a1z = -1.00000000e+00
b1z = 3.79703186e-03
b0z = 3.79703186e-03
Kp1 = 4.01224812e-01
Ki1 = 1.15427934e+04
Kp2 = 0.00000000e+00
Ki2 = 5.96330611e+03
