Ra = 2.70000000e+05
Rb = 1.20000000e+03
Hv = 4.42477876e-03
Hi = 1.00000000e-01
D = 2.22222222e-01
VC = 2.22222222e-01
L0 = 2.96296296e-04
IL0 = 3.50000000e+01
C0 = 7.50000000e-06
V0 = 5.00000000e+01
Vi = 2.25000000e+02
fs = 2.50000000e+04
R0 = 1.42857143e+00
VTm = 0.00000000e+00
VTM = 1.00000000e+00
Kp = 0.00000000e+00
Ki = 3.79703186e+02
ST = 1.12270164e-01
R1pi = 8.20000000e+05
R2pi = 1.00000000e+01
C1pi = 3.30000000e-09
Kp1 = 3.33049980e+01
Ki1 = 1.42945782e+06
Kp2 = 3.26169577e-04
Ki2 = 2.63962008e-03
